3.490000000000000000e+03
1.831000000000000000e+03
1.964000000000000000e+03
1.980000000000000000e+03
2.185000000000000000e+03
2.396000000000000000e+03
2.852000000000000000e+03
3.727000000000000000e+03
5.036000000000000000e+03
7.009000000000000000e+03
9.959000000000000000e+03
1.446500000000000000e+04
1.678000000000000000e+04
1.381700000000000000e+04
9.002000000000000000e+03
6.351000000000000000e+03
4.695000000000000000e+03
3.762000000000000000e+03
2.979000000000000000e+03
2.533000000000000000e+03
2.117000000000000000e+03
1.979000000000000000e+03
1.896000000000000000e+03
1.717000000000000000e+03
4.252000000000000000e+03
3.672600000000000000e+04
