3.207052838196285620e+02
5.112578578908479585e+02
3.444512729162027540e+02
5.115072798116124204e+02
3.207052838196285620e+02
5.112578578908479585e+02
3.444512729162027540e+02
5.115072798116124204e+02
1.041916180371352496e+01
1.317053204552341406e+01
1.060808389265303830e+01
1.331017472611004138e+01
1.041916180371352496e+01
1.317053204552341406e+01
1.060808389265303830e+01
1.331017472611004138e+01
1.823639682428350450e-01
1.459461230457050340e-01
1.813769492978378195e-01
1.458099796816520743e-01
1.823639682428350450e-01
1.459461230457050340e-01
1.813769492978378195e-01
1.458099796816520743e-01
1.443083793752122923e-02
1.260640295243030395e-02
1.428067202774439999e-02
1.269928796419178205e-02
1.443083793752122923e-02
1.260640295243030395e-02
1.428067202774439999e-02
1.269928796419178205e-02
9.685780138966646469e-01
9.499181528891474935e-01
9.662132831299687918e-01
9.498940092330208085e-01
9.685780138966646469e-01
9.499181528891474935e-01
9.662132831299687918e-01
9.498940092330208085e-01
2.082490835790019596e-04
1.589213953990434953e-04
2.039375935640013447e-04
1.612719147974662343e-04
2.082490835790019596e-04
1.589213953990434953e-04
2.039375935640013447e-04
1.612719147974662343e-04
